Simulation model:
  Initial time: 0.
  Finish time: 20.
  Hourly: 1.e-3

World model:
  gravity: [0., 0., 0.]

Body model:
  Degree of freedom:
    - 6
    - 6
    - 6
    - 4
    - 4

  Joint type:
    - [free]
    - [z, x, y, y, y, x, fix]
    - [z, x, y, y, y, x, fix]
    - [y, z, x, y, fix]
    - [y, z, x, y, fix]
  Joint distance:
    -
      - [0., 0., 0.] # unused
    -
      - [0., -0.0390, 0.]
      - [0., 0., 0.]
      - [0., 0., 0.]
      - [0., 0., -0.1000]
      - [0., 0., -0.1000]
      - [0., 0., 0.]
      - [0., 0., -0.0370]
    -
      - [0., 0.039, 0.]
      - [0., 0., 0.]
      - [0., 0., 0.]
      - [0., 0., -0.1000]
      - [0., 0., -0.1000]
      - [0., 0., 0.]
      - [0., 0., -0.0370]
    -
      - [0., -0.0995, 0.145]
      - [0., 0., 0.]
      - [0., 0., 0.]
      - [0.10100, 0., 0.]
      - [0.10975, 0., 0.]
    -
      - [0., 0.0995, 0.145]
      - [0., 0., 0.]
      - [0., 0., 0.]
      - [0.10100, 0., 0.]
      - [0.10975, 0., 0.]
  Mass:
    - [2.1792978]
    - [3.93880e-2, 1.72696e-1, 4.38575e-1, 2.85982e-1, 1.71128e-1, 1.36753e-1, 0.]
    - [3.93880e-2, 1.72696e-1, 4.38537e-1, 2.85827e-1, 1.71128e-1, 1.36753e-1, 0.]
    - [1.99031e-1, 2.01439e-1, 2.20645e-1, 1.67552e-1, 0.]
    - [1.99031e-1, 2.01439e-1, 2.18287e-1, 1.67592e-1, 0.]
  CoM:
    -
      # - [-0.0333995, 9.00178e-5, 0.125985]
      - [-3.34125528e-2, 8.98311304e-5, 1.259571427e-1]
    -
      - [0.00383869, 4.05183e-10, 0.0219162]
      - [0.0034717, -0.00050103, -0.00328966]
      - [0.0075828, -0.00142801, -0.0718179]
      - [0.011724, -0.00282151, -0.0429165]
      - [0.00465209, -0.000732177, 0.00324289]
      - [0.00382498, -7.8596e-05, -0.0248732]
      - [0., 0., 0.]
    -
      - [0.00383869, 4.05183e-10, 0.0219162]
      - [0.0034717, 0.000632384, -0.00328965]
      - [0.00757808, 0.00134158, -0.0719284]
      - [0.0117224, 0.00297258, -0.0429459]
      - [0.0046521, 0.000781358, 0.00324289]
      - [0.00382498, -7.8596e-05, -0.0248732]
      - [0., 0., 0.]
    -
      - [5.69887e-5, 0.0110127, -0.0359362]
      - [0.00991178, -1.0018e-05, -0.00228432]
      - [0.0686287, 0.00296507, 7.84674e-5]
      - [0.0462381,  0.00506259, -0.00529589]
      - [0., 0., 0.]
    -
      - [-5.69861e-5, -0.0110127, -0.0359362]
      - [0.00991178, -0.00010261, -0.00228305]
      - [0.0683622, -0.00294852, -2.62502e-5]
      - [0.0462509, -0.00506689, -0.00529948]
      - [0., 0., 0.]
  Inertia matrix:
    -
      # - [0.0295574, -4.37461e-5, 0.0176377,
      #   -4.37461e-5, 0.0456095, 4.46169e-5,
      #   0.0176377, 4.46169e-05, 0.0222955]
      - [ 8.51027543e-3,-6.25190587e-5,-6.52535397e-4,
      -6.25190587e-5, 9.43415246e-3, 6.18269484e-5,
      -6.52535397e-4, 6.18269484e-5, 7.16706440e-3]
    -
      - [9.5769e-6, -2.48926e-12, 1.29806e-6,
      -2.48926e-12, 2.77458e-5, 1.0806e-12,
      1.29806e-6, 1.0806e-12, 2.37104e-5]
      - [4.51904e-5, -3.28855e-7, 1.01226e-6,
      -3.28855e-7, 5.5582e-5, 6.18885e-7,
      1.01226e-6, 6.18885e-7, 6.31338e-5]
      - [0.000472676, -9.52495e-6, 1.44579e-5,
      -9.52495e-6, 0.000435755, 1.3233e-5,
      1.44579e-5, 1.3233e-5, 0.000231713]
      - [0.000295317, -8.29468e-6, -3.29998e-6,
      -8.29468e-6, 0.000225932, 4.55079e-6,
      -3.29998e-6, 4.55079e-6, 0.000184076]
      - [4.59388e-5, -5.54424e-7, -4.08202e-7,
      -5.54424e-7, 5.11179e-5, -7.20727e-8,
      -4.08202e-7, -7.20727e-8, 5.94587e-5]
      - [5.97968e-5, -3.80602e-7, 1.70683e-5,
      -3.80602e-7, 0.000139643, 7.14057e-8,
      1.70683e-5, 7.14057e-8, 0.000155016]
      - [0., 0., 0.,
      0., 0., 0.,
      0., 0., 0.]
    -
      - [9.5769e-6, -2.48926e-12, 1.29805e-6,
      -2.48926e-12, 2.77458e-5, 1.0806e-12,
      1.29805e-6, 1.0806e-12, 2.37104e-5]
      - [4.51248e-5, 3.50678e-7, 1.01227e-6,
      3.50678e-7, 5.5582e-5, -2.93348e-7,
      1.01227e-6, -2.93348e-7, 6.30681e-5]
      - [0.000473478, 1.0435e-5, 1.49663e-5,
      1.0435e-5, 0.000436352, -1.45158e-5,
      1.49663e-5, -1.45158e-5, 0.000231801]
      - [0.000291216, 8.3792e-6, -2.84645e-6,
      8.3792e-6, 0.00022281, -4.79234e-6,
      -2.84645e-6, -4.79234e-6, 0.000182049]
      - [4.59261e-5, 6.5051e-7, -4.08202e-7,
      6.5051e-7, 5.11179e-5, 4.99529e-7,
      -4.08202e-7, 4.99529e-7, 5.94459e-5]
      - [5.97968e-5, -3.80602e-7, 1.70683e-5,
      -3.80602e-7, 0.000139643, 7.14057e-8,
      1.70683e-5, 7.14057e-8, 0.000155016]
      - [0., 0., 0.,
      0., 0., 0.,
      0., 0., 0.]
    -
      - [0.000142087, -7.51591e-8, 5.7584e-8,
      -7.51591e-8, 0.000117938, -3.3901e-5,
      5.7584e-8, -3.3901e-5, 6.52462e-5]
      - [0.000135628, -2.71682e-7, 1.53672e-5,
      -2.71682e-7, 0.000153251, 2.07022e-7,
      1.53672e-5, 2.07022e-7, 7.07822e-5]
      - [5.65823e-5, 8.27732e-7, -1.85832e-8,
      8.27732e-7, 0.000109558, -9.41629e-8,
      -1.85832e-8, -9.41629e-8, 0.000122386]
      - [3.4078e-5, 1.85149e-5, -2.40293e-6,
      1.85149e-5, 0.000270963, -1.29926e-6,
      -2.40293e-6, -1.29926e-6, 0.000280658]
      - [0., 0., 0.,
      0., 0., 0.,
      0., 0., 0.]
    -
      - [0.000142087, -7.51502e-8, -5.75829e-8,
      -7.51502e-8, 0.000117938, 3.3901e-5,
      -5.75829e-8, 3.3901e-5, 6.52462e-5]
      - [0.000135627, 1.60475e-7, 1.53617e-5,
      1.60475e-7, 0.000153253, 2.49619e-7,
      1.53617e-5, 2.49619e-7, 7.07801e-5]
      - [5.56209e-5, -8.96281e-7, -2.30691e-7,
      -8.96281e-7, 0.000107647, -2.35113e-7,
      -2.30691e-7, -2.35113e-7, 0.000120095]
      - [3.4073e-5, -1.84659e-5, -2.39305e-6,
      -1.84659e-5, 0.000271298, 1.29841e-6,
      -2.39305e-6, 1.29841e-6, 0.000281004]
      - [0., 0., 0.,
      0., 0., 0.,
      0., 0., 0.]

Initial configuration:
  Initial position:
    - [0., 0., 0., 0., 0., 0.]
    - [0., 0., -30., 60., -30., 0.]
    - [0., 0., -30., 60., -30., 0.]
    - [100., 0., 0., -30.]
    - [100., 0., 0., -30.]
  Initial velocity:
    - [0., 0., 0., 0., 0., 0.]
    - [0., 0., 0., 0., 0., 0.]
    - [0., 0., 0., 0., 0., 0.]
    - [0., 0., 0., 0.]
    - [0., 0., 0., 0.]
