# @author Sho Miyahara 2017

Simulation model:
 Initial time: 0.
 Finish time: 10.
 Hourly: 1.e-3

World model:
 gravity: [0., 0., -9.81]

Body model:
 Degree of freedom:
  - 6
  - 6
  - 6
  - 4
  - 4

 Joint type:
  - [free]
  - [z, x, y, y, y, x, fix]
  - [z, x, y, y, y, x, fix]
  - [y, z, x, y, fix]
  - [y, z, x, y, fix]
 Mass:
  - [2.1793]
  - [3.93880e-2, 1.72696e-1, 4.38575e-1, 2.85982e-1, 1.71128e-1, 1.36753e-1, 0.]
  - [3.93880e-2, 1.72696e-1, 4.38537e-1, 2.85827e-1, 1.71128e-1, 1.36753e-1, 0.]
  - [1.99031e-1, 2.01439e-1, 2.20645e-1, 1.67552e-1, 0.]
  - [1.99031e-1, 2.01439e-1, 2.18287e-1, 1.67592e-1, 0.]
 Joint distance:
  -
   - [0., 0., 0.] # unused
  -
   - [0., -0.039, 0.]
   - [0., 0., 0.]
   - [0., 0., 0.]
   - [0., 0., -0.1]
   - [0., 0., -0.1]
   - [0., 0., 0.]
   - [0., 0., -0.037]
  -
   - [0., 0.039, 0.]
   - [0., 0., 0.]
   - [0., 0., 0.]
   - [0., 0., -0.1]
   - [0., 0., -0.1]
   - [0., 0., 0.]
   - [0., 0., -0.037]
  -
   - [0., -0.0995, 0.115]
   - [0., 0., 0.]
   - [0., 0., 0.]
   - [0.101, 0., 0.]
   - [0.146, 0., 0.]
  -
   - [0., 0.0995, 0.115]
   - [0., 0., 0.]
   - [0., 0., 0.]
   - [0.101, 0., 0.]
   - [0.146, 0., 0.]
 Inertia matrix:
  -
   - [0.0295574, -4.37461e-5, 0.0176377,
     -4.37461e-5, 0.0456095, 4.46169e-5,
     0.0176377, 4.46169e-05, 0.0222955]
  -
   - [9.57690000e-6, -2.48926000E-12,  1.29806000e-6,
                  -2.48926000E-12,  2.77458000e-5,  1.08060000E-12,
                   1.29806000e-6,  1.08060000E-12,  1.87237104e-2]
   - [2.40451904e-2, -3.28855000e-7,  1.01226000e-6,
                   -3.28855000e-7,  5.55820000e-5,  6.18885000e-7,
                   1.01226000e-6,  6.18885000e-7,  6.31338000e-5]
   - [4.72676000e-4, -9.52495000e-6,  1.44579000e-5,
                   -9.52495000e-6,  1.91357550e-2,  1.32330000e-5,
                   1.44579000e-5,  1.32330000e-5,  2.31713000e-4]
   - [2.95317000e-4, -8.29468000e-6, -3.29998000e-6,
                   -8.29468000e-6,  2.42259320e-2,  4.55079000e-6,
                   -3.29998000e-6,  4.55079000e-6,  1.84076000e-4]
   - [4.59388000e-5, -5.54424000e-7, -4.08202000e-7,
                   -5.54424000e-7,  1.87511179e-2, -7.20727000e-8,
                   -4.08202000e-7, -7.20727000e-8,  5.94587000e-5]
   - [1.87597968e-2, -3.80602000e-7,  1.70683000e-5,
                   -3.80602000e-7,  1.39643000e-4,  7.14057000e-8,
                   1.70683000e-5,  7.14057000e-8,  1.55016000e-4]
   - [0., 0., 0.,
     0., 0., 0.,
     0., 0., 0.]
  -
   - [9.57690000e-6, -2.48926000E-12,  1.29805000e-6,
                   -2.48926000E-12,  2.77458000e-5,  1.08060000E-12,
                   1.29805000e-6,  1.08060000E-12,  1.87237104e-2]
   - [2.40451248e-2,  3.50678000e-7,  1.01227000e-6,
                   3.50678000e-7,  5.55820000e-5, -2.93348000e-7,
                   1.01227000e-6, -2.93348000e-7,  6.30681000e-5]
   - [4.73478000e-4,  1.04350000e-5,  1.49663000e-5,
                   1.04350000e-5,  1.91363520e-2, -1.45158000e-5,
                   1.49663000e-5, -1.45158000e-5,  2.31801000e-4]
   - [2.91216000e-4,  8.37920000e-6, -2.84645000e-6,
                   8.37920000e-6,  2.42228100e-2, -4.79234000e-6,
                   -2.84645000e-6, -4.79234000e-6,  1.82049000e-4]
   - [4.59261000e-5,  6.50510000e-7, -4.08202000e-7,
                   6.50510000e-7,  1.87511179e-2,  4.99529000e-7,
                   -4.08202000e-7,  4.99529000e-7,  5.94459000e-5]
   - [1.87597968e-2, -3.80602000e-7,  1.70683000e-5,
                   -3.80602000e-7,  1.39643000e-4,  7.14057000e-8,
                   1.70683000e-5,  7.14057000e-8,  1.55016000e-4]
   - [0., 0., 0.,
     0., 0., 0.,
     0., 0., 0.]
  -
   - [1.42087000e-4, -7.51591000e-8,  5.75840000e-8,
                   -7.51591000e-8,  1.88179380e-2, -3.39010000e-5,
                   5.75840000e-8, -3.39010000e-5,  6.52462000e-5]
   - [1.35628000e-4, -2.71682000e-7,  1.53672000e-5,
                   -2.71682000e-7,  1.53251000e-4,  2.07022000e-7,
                   1.53672000e-5,  2.07022000e-7,  1.87707822e-2]
   - [1.87565823e-2,  8.27732000e-7, -1.85832000e-8,
                   8.27732000e-7,  1.09558000e-4, -9.41629000e-8,
                   -1.85832000e-8, -9.41629000e-8,  1.22386000e-4]
   - [3.40780000e-5,  1.85149000e-5, -2.40293000e-6,
                   1.85149000e-5,  1.89709630e-2, -1.29926000e-6,
                   -2.40293000e-6, -1.29926000e-6,  2.80658000e-4]
   - [0., 0., 0.,
     0., 0., 0.,
     0., 0., 0.]
  -
   - [1.42087000e-4, -7.51502000e-8, -5.75829000e-8,
                   -7.51502000e-8,  1.88179380e-2,  3.39010000e-5,
                   -5.75829000e-8,  3.39010000e-5,  6.52462000e-5]
   - [1.35627000e-4,  1.60475000e-7,  1.53617000e-5,
                    1.60475000e-7,  1.53253000e-4,  2.49619000e-7,
                   1.53617000e-5,  2.49619000e-7,  1.87707801e-2]
   - [1.87556209e-2, -8.96281000e-7, -2.30691000e-7,
                   -8.96281000e-7,  1.07647000e-4, -2.35113000e-7,
                   -2.30691000e-7, -2.35113000e-7,  1.22095000e-4]
   - [3.40730000e-5, -1.84659000e-5, -2.39305000e-6,
                   -1.84659000e-5,  1.89712980e-2,  1.29841000e-6,
                   -2.39305000e-6,  1.29841000e-6,  2.81004000e-4]
   - [0., 0., 0.,
     0., 0., 0.,
     0., 0., 0.]
 CoM:
  -
   - [-0.0333995, 9.00178e-5,0.125985]
  -
   - [0.00383869, 4.05183e-10, 0.0219162]
   - [0.0034717, -0.00050103, -0.00328966]
   - [0.0075828, -0.00142801, -0.0718179]
   - [0.011724, -0.00282151, -0.0429165]
   - [0.00465209, -0.000732177, 0.00324289]
   - [0.00382498, -7.8596e-05, -0.0248732]
   - [0., 0., 0.]
  -
   - [0.00383869, 4.05183e-10, 0.0219162]
   - [0.0034717, 0.000632384, -0.00328965]
   - [0.00757808, 0.00134158, -0.0719284]
   - [0.0117224, 0.00297258, -0.0429459]
   - [0.0046521, 0.000781358, 0.00324289]
   - [0.00382498, -7.8596e-05, -0.0248732]
   - [0., 0., 0.]
  -
   - [5.69887e-5, 0.0110127, -0.0359362]
   - [0.00991178, -1.0018e-05, -0.00228432]
   - [0.0686287, 0.00296507, 7.84674e-5]
   - [0.0462381,  0.00506259, -0.00529589]
   - [0., 0., 0.]
  -
   - [-5.69861e-5, -0.0110127, -0.0359362]
   - [0.00991178, -0.00010261, -0.00228305]
   - [0.0683622, -0.00294852, -2.62502e-5]
   - [0.0462509, -0.00506689, -0.00529948]
   - [0., 0., 0.]

Initial configuration:
 Initial position:
  - [0., 0., 0., 0., 0., 0.]
  - [0., 0., -30., 60., -30., 0.]
  - [0., 0., -30., 60., -30., 0.]
  - [120., 0., 0., -60.]
  - [120., 0., 0., -60.]
 Initial velocity:
  - [0., 0., 0., 0., 0., 0.]
  - [0., 0., 0., 0., 0., 0.]
  - [0., 0., 0., 0., 0., 0.]
  - [0., 0., 0., 0.]
  - [0., 0., 0., 0.]
